14 6 10 1 11 7 4 15 3 18 13 2 12 9 17 8 16 5
23 14 32 30 1 39 28 22 24 20 15 19 27 21 35 38 26 9 34 25 40 36 41 37 5 33 29 31 42
55 59 52 43 53 51 19 62 45 56 58 47 54 50 61 60 46 49 57 44 48
23 66 67 30 68 72 39 71 70 38 34 36 61 41 49 63 64 69 65
23 6 30 68 39 22 18 73 38 26 74 75 40 36 37 63 64 57 44 21 65
83 66 67 78 84 20 80 51 62 21 77 56 75 79 81 40 57 33 82 44 76 42
86 6 22 71 84 90 85 88 35 47 87 25 36 16 37 49 69 89 57 76 32
68 59 52 96 28 93 94 97 91 26 54 50 8 61 60 92 95
6 72 78 97 7 98 91 3 18 85 2 12 77 79 8 92 95 63 89 82 81
83 66 99 10 11 94 102 91 51 90 62 13 88 73 100 74 17 101 64 65
23 14 33 55 56 86 2 52 72 43 71 80 45 48
83 55 1 96 93 24 53 70 98 4 18 73 35 100 74 46 29 31
99 93 94 53 97 98 102 27 73 47 75 58 87 101 46 5 65
14 99 32 24 20 91 15 19 13 88 12 54 76 33 31 65
83 66 52 39 43 71 94 70 4 62 45 26 87 25 17 41 60 95 89 5 29 42
77 86 50 96 92 24 53 69 7 102 90 35
83 55 10 96 28 22 84 97 102 18 85 2 35 56 79 50 16 49 29 42 48
66 67 11 93 22 24 34 54 9 40 50 8 95 89 33 81 48
67 7 33 15 59 27 16
14 86 28 24 20 7 80 90 73 56 87 40 36 37 101 69 32
24 99 33 91 32
24 76 33 32 88
47 67 72 41 16 71 46 80 51
12 96 76 92
14 6 1 11 7 15 4 18 13 2 12 104 38 54 9 17 8 103 16 5
14 32 30 1 39 28 22 71 20 102 15 19 27 21 35 104 38 26 9 75 25 40 36 41 105 5 33 29 42
55 67 59 52 43 107 53 51 19 62 45 56 58 106 47 54 103 60 46 57 44 48
66 30 68 39 71 107 70 108 38 34 36 61 41 105 69 64 109 65
6 30 68 39 112 109 22 111 108 18 73 38 26 74 75 40 36 41 37 64 57 44 21 65 110
83 66 67 112 20 111 80 62 21 77 56 79 40 113 57 33 82 44 109 76 42 110
86 32 22 108 80 102 4 90 85 115 47 114 87 25 36 16 37 69 76 42
68 59 52 39 112 28 71 91 15 114 26 106 54 50 8 61 60 95
83 6 72 96 70 98 91 90 18 85 2 12 77 38 34 79 50 8 37 95 57 82
66 10 99 11 108 51 116 13 114 100 74 17 101 113 64 31 65 110
14 55 86 59 52 72 43 80 18 116 45 2 56 74 36 33 48
10 1 96 53 111 98 4 18 116 73 35 115 100 74 117 46 29 31
99 111 102 27 73 75 58 87 40 117 61 101 113 46 5 109 65
14 99 32 20 91 15 19 13 12 54 103 37 57 33 76 31 65
83 66 52 39 43 71 4 62 45 26 54 87 25 17 41 60 5 109 42 110
77 86 74 30 87 50 96 16 53 69 102 80 90 35
83 55 10 96 112 28 22 70 102 18 85 116 2 54 79 103 16 105 29 42 48
133 130 132 121 129 128 127 120 122 124 123 49 126 118 125 119 131
67 80 15 59 27 16
86 6 28 20 98 80 90 73 56 114 87 40 17 36 37 101 69
14 54 99 33 91 32
14 54 20 76 33 32
47 72 103 41 16 71 46 64 108 51
12 57 7 76
14 6 1 11 7 15 18 13 38 9 17 8 135 103 16 134 5 136
14 30 1 68 39 28 71 20 80 15 19 62 27 21 35 104 26 75 25 40 36 61 16 105 5 33 29 42
59 52 110 53 51 19 45 47 58 106 56 54 137 103 60 46 134 48
67 66 68 140 71 70 108 139 38 34 141 61 138 41 105 64 65 136
10 30 6 68 39 112 111 108 18 21 142 38 26 75 40 136 36 37 143 64 109 110
66 67 144 112 109 20 111 80 62 77 56 79 40 113 57 33 76 21 42 110
86 112 108 80 90 115 104 47 114 142 25 50 40 135 36 16 37 76 42 136
68 59 52 39 112 28 91 114 26 106 54 50 8 138 145 60 146 95
67 6 72 70 98 102 91 90 18 77 38 34 9 79 50 8 41 37 95 57
66 10 144 140 11 108 51 13 142 114 100 87 17 113 64 109 31 65
14 86 144 59 52 72 71 148 116 45 35 137 36 37 33 147 143 48
10 1 53 111 98 148 18 116 35 115 100 117 146 113 46 143 29 31
30 102 139 15 27 47 75 58 54 87 117 141 145 46 5 147 109 65
14 20 91 15 19 62 13 148 54 103 37 57 33 76 31 65
66 52 39 71 139 45 54 87 25 137 17 135 61 60 5 109 42 110
77 86 104 87 30 50 145 16 53 102 90 35
10 140 112 28 70 102 139 18 54 79 141 103 16 105 147 29 42 48
66 67 11 98 51 45 115 26 58 9 106 117 50 8 138 95 105 134 48
6 30 134 59 146 28
104 56 86 6 87 40 106 114 36 28 20 98 80 90
14 54 33 91 31
14 54 20 76 15
47 144 72 146 41 71 46 64 108 51
76 37 7 57
14 150 6 1 11 7 15 18 13 149 9 17 8 103 16 134 5 151 136
14 30 1 39 28 71 20 80 15 19 62 27 21 35 115 104 26 75 40 36 16 105 143 5 33 29 31 42
59 52 53 51 19 45 56 47 106 54 137 141 135 138 103 145 146 46 134 110
66 67 140 156 71 154 108 139 152 38 141 153 138 103 41 37 105 64 155 65 136
10 30 6 68 39 112 111 108 18 21 142 38 26 75 40 136 36 37 143 64 109 110
66 67 144 112 109 20 111 80 62 77 56 79 40 137 113 57 33 21 42 110
86 150 112 80 90 149 152 104 47 114 142 40 50 135 36 16 37 155 42 136
68 59 52 39 112 28 71 91 62 26 54 106 114 50 153 8 95 157 151
67 6 72 98 102 91 51 18 90 116 77 38 79 9 50 17 8 41 37 95 57
66 10 144 68 140 11 108 148 13 142 114 100 87 17 113 64 157 109 65
14 86 52 72 156 148 116 45 35 75 137 36 33 147 143 151
10 1 59 53 111 154 98 148 18 35 115 100 117 146 113 46 29 31
30 144 140 102 139 27 47 75 87 117 141 145 146 46 5 147 109 65
14 20 154 91 148 19 62 13 15 54 103 37 57 33 31 65
66 52 156 39 71 111 139 45 149 87 137 17 135 153 5 42 151 110
77 86 104 87 30 50 145 16 53 102 90 35
67 10 150 140 112 28 102 139 18 62 152 79 141 103 16 105 155 147 29 42
66 67 11 98 51 45 115 26 9 106 117 50 8 138 41 95 105 134
6 134 59 143 151 28
104 56 86 6 87 40 106 114 36 28 20 98 80 90
14 33 91 65 15
14 20 15 31 37
47 144 72 146 41 71 46 64 108 51
37 7 57 28
14 150 6 1 11 7 15 159 13 149 114 87 153 160 145 161 8 138 134 5 158
14 30 1 39 28 71 20 80 15 19 62 27 21 35 104 75 117 141 135 36 16 105 143 5 33 29 31 42 136
86 59 52 53 19 45 162 152 56 47 106 54 137 141 160 161 103 145 146 135 138 46 134 147 163
86 165 140 71 154 139 159 152 38 141 153 138 103 166 105 64 155 158 164 65 136
10 30 6 165 140 110 39 112 18 19 159 162 21 142 38 75 167 36 138 37 64 109 136
66 144 68 156 112 20 80 62 162 149 77 56 142 79 137 166 168 57 33 21 163 42 110
86 140 112 154 80 90 115 104 47 114 142 50 169 135 36 16 37 105 155 164 31 42 136
165 68 59 52 39 112 28 35 170 104 54 106 50 167 153 8 157 164 151
66 150 6 7 102 98 148 90 18 116 115 38 77 47 79 114 50 8 37 57 110
66 10 144 68 140 11 139 148 13 162 77 114 100 87 142 64 157 168 109 65
14 86 52 71 148 116 45 149 75 137 161 36 164 33 147 143 163 151
10 144 1 156 53 154 98 15 18 35 115 100 117 169 146 46 143 29 31
30 156 39 102 139 27 47 54 87 117 75 167 141 145 146 46 134 5 147 109 65
14 20 154 7 15 148 19 62 13 54 79 161 103 37 57 33 143 31 65
66 52 156 39 71 139 45 149 87 137 169 153 135 166 168 5 163 42 110
77 86 104 87 30 50 160 145 16 90 53 102 158 35
150 10 140 112 28 102 139 159 149 142 79 145 103 166 16 29 105 155 147 164 163 42
156 112 11 98 27 116 45 77 115 106 117 50 105 134 155 143 31
114 86 150 134 151 28
104 56 86 6 87 106 114 169 36 28 20 98 80 90 136
14 154 33 161 65
14 20 161 31 103
47 165 144 141 153 146 71 46 64 157 148
37 7 57 28
14 150 6 173 1 11 7 15 18 159 172 149 158 153 160 161 8 134 5 171 174
14 30 144 1 39 28 71 20 80 15 19 62 27 21 35 104 75 117 135 36 16 105 143 5 33 29 31 42 136
86 175 173 52 177 19 45 162 171 56 54 106 167 141 160 161 176 146 166 138 46 134 155 147 174
165 140 71 154 139 159 152 141 153 138 103 178 105 64 155 157 158 164 65 174 136
10 30 6 165 112 139 18 19 159 162 152 75 153 36 176 146 37 166 138 64 21 42 136
66 144 68 112 20 80 62 162 149 77 56 26 79 142 169 166 178 168 57 33 21 42 110
86 173 112 180 154 80 179 115 152 104 47 114 142 50 169 135 36 16 37 155 31 42 136
68 52 39 112 180 28 170 54 114 106 50 167 153 176 8 138 157 164 151
66 150 6 7 98 18 170 115 152 77 47 79 114 50 142 8 103 37 57 109 110
66 10 144 165 68 140 11 139 172 179 162 77 100 178 64 157 168 65 151
86 52 71 177 45 172 35 149 26 161 164 105 178 33 147 143 151
175 10 1 156 154 98 18 35 115 100 117 176 146 16 46 143 171 29 31
175 30 156 39 139 27 179 170 47 54 75 117 167 141 146 166 46 134 5 109 65
14 109 20 154 7 15 19 62 142 79 161 103 37 57 33 171 143 31 65
66 52 156 39 71 139 177 172 45 149 169 153 135 166 155 168 5 42 110
170 77 86 152 104 30 175 50 160 16 166 180 158 62 35
150 10 173 112 28 98 139 159 170 149 142 79 103 164 16 105 155 33 147 29 174
156 140 39 112 98 27 45 77 54 117 134 57 155 171 143 31 110
114 86 150 134 151 28
104 56 86 106 6 114 142 169 36 180 28 20 98 80 136
14 154 57 33 65
14 142 20 171 161
47 144 141 146 71 46 178 64 147 179
15 109 7 28
14 150 6 173 1 11 15 18 159 172 114 153 160 103 161 181 8 134 5 171
14 30 144 1 39 28 71 20 80 15 19 62 27 35 75 117 135 36 138 16 105 143 5 33 29 31 42 136
86 175 173 52 19 147 182 45 162 56 54 106 167 141 160 161 176 146 166 46 134 155 171 174
165 140 71 154 139 159 152 183 184 141 153 138 103 178 105 64 155 164 65 174 136
175 10 30 6 165 112 139 18 19 179 159 162 152 75 184 153 36 176 146 166 138 64 136
66 68 185 20 80 177 62 162 77 56 26 142 186 169 160 166 178 168 57 33 42 110
86 173 165 112 180 80 179 152 142 183 47 184 114 169 135 36 181 16 187 168 31 42 136
68 52 39 180 189 185 182 188 170 26 54 106 167 186 8 157 164 151
66 150 6 112 154 98 18 170 115 152 77 47 114 142 153 8 103 57 109 110
66 10 68 140 189 11 180 172 179 162 100 183 178 64 157 168 65 151
86 190 52 71 177 45 172 26 54 161 36 157 33 147 164 151
175 10 1 144 190 154 98 18 35 115 100 117 176 146 46 143 29 31
30 98 139 27 179 188 170 47 75 117 167 141 146 166 187 46 134 5 109 65
14 140 109 71 20 154 15 19 62 160 161 103 57 33 171 143 31 65
66 52 39 139 177 182 172 45 188 186 169 135 176 155 5 168 42 110
170 77 86 175 30 181 16 166 187 189 182 62 188 35
150 10 173 112 185 179 162 170 142 183 167 181 103 164 16 105 155 147 29 42 174
10 165 140 39 112 98 27 45 77 54 117 134 57 155 171 31 110
86 114 134 177 181 151 136
142 56 86 6 114 190 169 153 36 180 187 20 80 136
14 154 57 33 65
14 20 57 171 161
47 144 141 176 146 71 46 178 185 64
15 143 109 28
192 14 175 150 6 1 11 15 18 182 172 159 153 160 181 191 8 134 5 171 193
14 30 144 1 39 71 20 80 15 19 62 179 27 35 26 75 141 160 36 135 138 16 105 143 5 33 29 31 136
86 175 52 196 194 177 19 182 45 162 171 56 183 106 54 167 141 160 176 195 146 166 197 46 155 147 174
192 86 140 196 71 154 139 152 183 184 141 153 191 198 138 178 105 155 164 65 174 136
175 10 30 6 199 200 112 139 18 19 201 159 162 152 26 75 184 153 36 176 146 166 138
66 68 185 20 80 177 182 62 162 77 56 26 142 186 169 195 197 166 178 57 33 164 193 110
86 150 200 112 180 196 185 80 202 152 142 183 47 184 114 169 135 36 181 146 187 198 16 136
199 68 52 200 39 179 201 202 188 26 54 106 114 167 186 8 16 164 193 151
66 150 6 112 154 98 18 159 115 152 77 47 114 142 169 153 181 8 166 178 134 57 110
192 66 10 199 68 140 189 11 180 185 194 196 172 202 162 188 100 184 186 178 65 151
86 190 52 189 177 45 172 54 135 36 195 198 178 33 147 164 151
175 10 199 144 1 190 154 98 18 201 35 115 100 176 146 46 143 29 31
30 190 200 189 180 98 139 27 179 188 47 75 167 141 191 138 187 46 134 5 65
14 30 140 28 71 20 154 15 177 19 62 179 160 166 57 33 171 143 31 65
66 199 52 39 196 139 177 182 172 45 188 186 169 135 198 155 5 174 110
86 175 30 200 189 194 62 188 35 77 191 197 198 16 166 187
192 150 112 196 172 201 162 35 142 183 167 186 195 181 164 16 105 155 147 29 174
10 140 39 112 98 27 45 162 201 77 54 187 155 171 31 110
114 68 176 181 134 177 188 136
142 56 86 6 114 190 169 36 180 187 20 80 202 136
71 154 33 31 65
71 20 30 171 31
192 47 144 71 46 178 185 154 194 193
115 57 15 143 28
192 14 205 203 150 6 1 11 15 204 18 182 159 160 176 191 8 134 5 171 193
14 30 144 1 39 180 71 20 80 15 177 19 62 179 27 35 26 75 141 160 198 135 29 105 143 5 147 118 31 151 136
86 175 206 52 194 19 147 182 208 45 162 211 56 183 106 186 141 160 195 197 146 187 210 46 209 155 171 207
205 86 203 213 196 185 71 154 62 152 183 75 184 212 186 141 153 191 198 105 155 29 65 136
175 10 30 6 199 213 200 112 139 18 19 179 201 159 162 152 75 184 212 153 176 146 166
205 66 144 68 185 20 80 177 182 62 162 214 188 208 211 77 26 183 212 186 169 195 197 166 193 110
206 150 144 200 112 180 196 71 80 216 159 202 152 56 47 184 169 215 198 135 146 187 155 136
199 68 213 200 39 204 179 214 201 202 35 26 106 186 153 8 118 164 193 151
66 150 6 112 154 98 139 18 159 162 115 152 77 47 184 169 153 176 181 166 8 134 164 110
192 66 10 199 68 11 196 185 194 216 204 202 188 106 184 197 215 217 65
203 86 175 190 52 71 177 147 45 56 210 135 195 198 166 209 164 151
175 10 199 1 190 193 112 154 98 18 201 35 115 218 176 146 217 29 118 143 31
192 203 30 190 213 200 180 98 139 27 179 188 218 56 47 75 141 191 187 46 134 5 207 65
14 30 71 20 154 15 177 19 62 179 214 212 160 166 134 171 143 31 65
66 199 52 39 139 216 177 182 45 188 186 169 197 215 135 155 5 207 110
205 77 86 175 30 191 197 198 200 187 194 118 209 208 188
192 175 203 150 206 144 112 196 98 204 147 201 211 162 35 183 195 105 155 118 171 29
77 10 190 112 39 187 155 98 31 216 171 27 162 201 110
188 134 68 177 191 216
205 86 56 6 190 169 153 198 180 20 80 214 202 136
71 14 154 143 65
71 154 30 171 214
77 6 98 18 8
192 47 144 71 46 185 194 154 216 193
15 143 115 28
192 14 205 203 6 1 11 15 18 204 182 159 219 220 160 191 8 134 5 171 193
14 224 175 30 1 180 20 15 177 62 179 27 221 26 58 225 141 160 191 198 135 105 222 143 223 5 147 29 31 136
86 175 206 52 194 226 227 230 204 208 45 171 228 56 106 186 229 160 176 195 146 197 215 141 147 207
205 86 203 213 196 185 154 221 231 184 212 186 141 153 191 197 198 105 223 29 207 136
175 6 30 199 232 213 200 112 139 230 18 182 201 159 208 162 225 231 212 229 153 176 146 166
66 68 185 20 230 177 182 208 62 214 162 188 77 26 219 231 233 212 169 195 197 166 222 234 193 110
224 206 232 200 112 180 196 226 216 159 202 218 47 58 169 215 229 135 235 187 236 234 136
205 199 68 213 200 204 201 179 214 202 26 219 106 186 8 153 146 164
66 6 199 190 112 154 98 18 159 182 162 115 77 47 184 169 153 176 8 166 187 134 164 110
192 66 199 232 68 11 196 185 194 216 214 202 188 106 184 233 215 235 143
86 190 52 237 208 177 45 228 56 229 135 195 198 166 236 223 147 164
175 1 190 232 193 154 227 98 18 201 218 115 176 146 235 143 29 31
192 203 30 213 200 180 227 98 139 27 179 201 188 221 218 56 47 187 236 134 5 207
14 30 1 20 154 15 177 62 179 214 212 160 105 222 134 171 143 31
66 199 52 139 216 230 177 45 228 233 186 169 215 135 236 223 5 207 110
205 77 86 219 228 30 191 197 198 200 187 194 223 208 188
192 175 203 206 234 112 196 226 227 98 230 204 147 201 162 221 225 195 105 223 171 29
77 206 58 6 233 212 112 187 222 31 216 171 27 162 110
188 134 68 177 191 216
205 218 86 56 6 220 169 153 198 180 20 214 202 136
14 154 1 143 179
154 30 171 179 214
77 6 98 18 8
192 47 58 231 212 200 235 185 194 193
15 143 115 28
192 14 205 224 203 1 15 18 204 182 159 238 219 241 191 8 239 134 5 171 193 240
205 14 224 175 206 30 1 232 213 242 180 15 177 208 27 179 221 26 58 141 215 135 105 222 223 5 147 143 31 136
248 175 206 226 227 230 243 204 45 162 238 56 106 186 141 195 197 215 146 235 244 246 247 171 207 245
205 190 213 196 154 226 221 231 184 212 186 141 153 191 198 239 105 223 249 234 207 136
175 30 232 213 200 112 139 230 18 159 201 162 250 225 231 212 245 229 153 197 244 146
248 251 66 68 227 230 177 182 208 162 77 253 58 225 26 212 233 169 195 197 241 252 240 246 222 254 234 256 193 255
224 206 251 232 200 112 180 226 216 159 179 202 250 218 169 229 135 235 252 234 257 255 136
199 68 213 200 243 204 201 214 202 253 219 106 26 186 153 197 8 146 246 254 164
192 203 66 199 112 154 98 139 18 159 182 162 188 77 231 184 212 169 153 176 191 229 187 8 134 164
192 66 199 232 68 258 196 216 214 202 56 225 253 184 233 215 244 236 143 257
190 139 230 177 208 45 250 56 229 135 195 198 239 236 237 164
248 175 1 232 193 154 227 98 243 18 201 218 176 146 235 143 257 31
192 203 30 213 200 258 180 98 139 27 179 201 188 221 250 187 236 134 249 5 207 255
14 248 30 1 193 154 15 177 179 214 212 241 245 105 222 134 171 143 31
66 199 139 216 177 45 253 225 233 186 169 215 135 239 240 236 246 254 5 256 207 255
205 77 219 30 191 198 200 187 223 227 243 234 208 188
192 248 234 112 196 226 227 98 230 204 201 162 221 238 241 195 259 249 147 257 255
206 190 112 216 27 45 171 77 58 233 212 245 252 187 147 31
188 134 68 177 191 216
224 218 56 251 169 153 198 239 180 246 208 214 202 136
154 134 1 143 247
154 134 212 171 214
77 8 98 159 18 112
192 58 231 212 197 200 235 252 258 177 193
15 143 176 28
192 14 224 203 1 261 15 18 204 182 263 260 238 159 219 191 239 134 193 262
14 224 175 265 251 30 1 232 213 242 258 180 266 15 27 179 214 221 250 141 215 198 264 267 105 222 223 147 143 31
248 175 261 269 226 227 268 230 243 204 162 238 56 106 245 141 195 197 215 146 235 244 246 252 270 262
213 196 269 154 268 263 238 221 231 184 212 186 141 153 191 198 239 105 223 249 234 255
175 30 213 200 112 196 139 230 18 159 201 260 250 225 231 212 245 229 153 197 244 146
248 251 226 227 273 230 182 162 214 253 225 233 169 195 197 272 270 267 246 222 254 234 193 271
224 265 200 112 180 226 273 216 243 159 179 202 218 245 169 229 264 235 252 267 249 257
199 68 213 200 269 204 201 202 253 219 106 186 153 197 264 270 246 254 164
192 203 199 112 154 98 139 18 159 182 162 188 58 231 184 212 169 153 176 191 229 187 134 234 164 255
199 232 68 258 196 273 216 214 202 260 188 253 225 233 184 215 244 236 257
261 266 139 230 263 250 56 225 229 195 198 239 236 274 164 271
248 175 1 232 193 257 154 227 98 18 201 260 218 186 176 146 235 143 31 262
192 203 265 30 200 258 180 98 139 27 179 201 188 221 250 218 187 236 134 249 147 255
14 248 1 193 242 154 15 179 214 212 245 197 264 105 222 134 143 31
199 232 261 273 139 216 230 243 253 233 186 169 215 239 236 246 254 271 255
265 219 30 191 198 200 270 269 223 226 227 243 234 188 262
192 234 196 227 98 268 204 201 263 260 221 238 262 162 195 244 249 147 257 255
58 233 212 245 112 187 247 252 216 266 268 243 147 27 31
188 251 134 232 68 216
224 218 56 251 169 153 198 239 272 180 266 214 202
105 193 154 134 1 264 247
197 264 247 105 154 134 193 214
153 98 159 18 112
192 248 58 265 235 252 268 193 263 271
15 143 176 28
192 14 224 203 1 261 276 15 18 204 182 159 260 238 219 191 239 146 267 134 193 275
14 224 175 251 30 1 232 213 242 258 180 226 266 15 179 214 250 233 277 141 215 198 264 267 105 222 223 147 143 31 275
248 175 261 276 269 227 268 243 204 162 263 260 238 56 106 245 141 195 197 215 146 244 252 246 270 249 271 262
251 196 269 268 262 263 238 231 184 212 277 141 153 191 198 239 275 105 249 234 278 255
175 30 213 276 200 112 196 279 273 139 18 159 201 260 219 225 231 212 277 245 153 244 146 275
248 251 227 273 182 162 214 282 250 253 225 106 169 197 264 272 235 270 246 222 254 280 281 234 193 278 271
224 265 276 200 112 180 226 273 216 243 159 179 202 218 245 169 229 146 235 252 267 280 257 278
199 213 261 200 269 279 204 201 202 253 219 106 197 264 270 146 246 254 223 280 164
14 248 1 193 154 15 179 214 212 245 197 264 246 105 222 134 143 31 278
192 203 265 199 112 98 139 18 159 182 162 188 231 184 212 169 153 176 191 195 187 229 134 234 164 255
199 232 213 258 196 273 216 214 202 282 188 253 225 233 184 229 215 244 236 274 257
224 56 225 229 195 198 239 267 236 266 279 139 164 281 271
248 175 1 232 193 257 227 98 243 18 201 263 218 277 153 176 235 143 31 262
192 203 265 30 200 258 180 98 139 179 201 188 282 250 218 244 187 236 134 249 147 281 255
199 232 261 139 216 243 282 253 233 106 277 169 215 239 236 254 280 255
265 219 30 191 198 200 270 269 223 226 227 243 234 188 262
192 196 227 98 204 201 262 162 238 233 187 246 249 147 257 278 255
112 226 266 268 279 216 233 212 245 141 176 252 187 247 147 31
251 134 232 216 215 188
224 218 56 251 169 153 198 239 267 180 272 266 278 214 202
248 265 229 252 235 268 193 281 263 271
153 98 159 18 112
15 143 176 154
